freq                    	Gain_Gc2vo              	Phase_Gc2vo             
10                       	-118.4172312151957697779 	179.99426311515151155618 
10.115794542598985472637 	-118.4172311833570603312 	179.99419668603133004581 
10.232929922807540989993 	-118.4172311507766295335 	179.99412948653139210364 
10.351421666793438447485 	-118.4172311174373390941 	179.99406150963815775867 
10.471285480508996101889 	-118.4172310833214538661 	179.99399274552649785619 
10.592537251772888851065 	-118.4172310484109686968 	179.99392318549669766981 
10.715193052376063675979 	-118.4172310126872389446 	179.99385281948485726389 
10.839269140212035580362 	-118.4172309761313783838 	179.99378163918518680475 
10.964781961431850021427 	-118.4172309387240886736 	179.99370963420960833901 
11.091748152624010259615 	-118.4172309004454177739 	179.99363679511415625711 
11.220184543019634304528 	-118.4172308612752289037 	179.99356311349913539743 
11.350108156723150543144 	-118.4172308211925184196 	179.99348857765329512404 
11.481536214968828701899 	-118.4172307801762116242 	179.99341318061235028836 
11.614486138403428583388 	-118.4172307382045374879 	179.99333690747624814321 
11.748975549395295203681 	-118.4172306952551991799 	179.99325975383186460022 
11.885022274370184547365 	-118.4172306513054451216 	179.99318170571777386613 
12.022644346174129026394 	-118.4172306063319695113 	179.9931027539223293843  
12.161860006463680150546 	-118.4172305603109265348 	179.99302288763476553868 
12.302687708123816179295 	-118.4172305132179445764 	179.99294209699309021744 
12.445146117713850486552 	-118.4172304650279414773 	179.99286037061352772071 
12.589254117941672816983 	-118.4172304157154940185 	179.99277769789711101112 
12.735030810166616532797 	-118.4172303652544258057 	179.99269406779313840161 
12.882495516931340873157 	-118.4172303136179351668 	179.99260946939747896067 
13.031667784522992903362 	-118.4172302607787514717 	179.99252389166386478792 
13.182567385564070150394 	-118.4172302067087230171 	179.99243732286137742449 
13.3352143216332397202   	-118.4172301513792149308 	179.99234975125671098795 
13.489628825916534893281 	-118.4172300947609812738 	179.99226116614829606988 
13.645831365889245390122 	-118.417230036823909245  	179.99217155479863095024 
13.803842646028849472373 	-118.4172299775372891872 	179.99208090571229945454 
13.963683610559376901961 	-118.4172299168697151117 	179.99198920723426908808 
14.125375446227543818623 	-118.417229854789042065  	179.99189644685463917995 
14.288939585111029018094 	-118.4172297912622582317 	179.99180261257723145718 
14.454397707459275324027 	-118.4172297262558402053 	179.99170769117966983686 
14.621771744567181983143 	-118.4172296597351561331 	179.99161167143356010456 
14.791083881682073553065 	-118.4172295916650625713 	179.99151453950548784633 
14.962356560944334304963 	-118.417229522009364473  	179.99141628246599111662 
15.135612484362081175959 	-118.4172294507312130918 	179.99131688772533266274 
15.310874616820303373288 	-118.4172293777927222891 	179.9912163422092703513  
15.488166189124811467082 	-118.4172293031553522269 	179.99111463300297941714 
15.66751070108148979898  	-118.4172292267793693554 	179.9910117453544557975  
15.848931924611136423664 	-118.417229148624443269  	179.99090766660452800352 
16.032453906900414608572 	-118.4172290686490072176 	179.99080238256203756464 
16.218100973589301361244 	-118.4172289868106702215 	179.99069587951902349232 
16.405897731995395361082 	-118.4172289030661175957 	179.99058814292678221136 
16.595869074375606544436 	-118.4172288173708977865 	179.99047915885816451009 
16.78804018122560393067  	-118.4172287296795786915 	179.99036891304439222949 
16.982436524617444462137 	-118.4172286399456908157 	179.9902573903582094772  
17.17908387157588023797  	-118.4172285481215851632 	179.99014457658950050245 
17.378008287493752703767 	-118.4172284541586179785 	179.9900304564971520449  
17.579236139586924991818 	-118.4172283580070654807 	179.98991501419726546374 
17.782794100389228475478 	-118.4172282596156975387 	179.98979823633428054563 
17.988709151287878285075 	-118.4172281589326161111 	179.98968010558581909208 
18.197008586099833848948 	-118.417228055904303119  	179.9895606067745461587  
18.407720014689559207    	-118.4172279504761320368 	179.98943972446514294461 
18.620871366628676923938 	-118.4172278425922542056 	179.98931744264285725876 
18.836490894898005876712 	-118.4172277321954140916 	179.98919374442721164087 
19.054607179632473190622 	-118.4172276192270487627 	179.98906861442210924906 
19.275249131909358624171 	-118.417227503627373153  	179.98894203462972996022 
19.498445997580450494979 	-118.4172273853350532136 	179.98881398974543799341 
19.72422736114853591971  	-118.4172272642873053883 	179.9886844618699512921  
19.95262314968879380217  	-118.4172271404199960898 	179.98855343426075137359 
20.183663636815609265796 	-118.4172270136674853802 	179.98842088972605779418 
20.417379446695292699587 	-118.4172268839624564407 	179.98828680989248596234 
20.653801558105296720669 	-118.417226751236270843  	179.98815117784820927227 
20.892961308540396458966 	-118.4172266154184569587 	179.98801397519770262079 
21.134890398366469099756 	-118.4172264764370652301 	179.98787518344286695537 
21.379620895022320326007 	-118.4172263342183697432 	179.9877347847609883047  
21.627185237270204254401 	-118.4172261886869392811 	179.98759276010906660304 
21.877616239495523586811 	-118.4172260397656515352 	179.98744909171125527791 
22.130947096056377887408 	-118.4172258873755652075 	179.98730375915769741368 
22.387211385683393416457 	-118.4172257314358631675 	179.98715674358336968908 
22.646443075930594801548 	-118.4172255718638382405 	179.98700802535822163009 
22.908676527677730661026 	-118.4172254085748647867 	179.98685758581649452026 
23.173946499684781485939 	-118.4172252414824413336 	179.98670540379453086643 
23.442288153199221767409 	-118.4172250704979205693 	179.98655145960341883438 
23.713737056616551512889 	-118.4172248955306514517 	179.98639573307076489073 
23.988329190194903617339 	-118.4172247164879365755 	179.98623820322137589756 
24.266100950824153414942 	-118.4172245332747195334 	179.98607884917063870489 
24.547089156850304902946 	-118.4172243457938833444 	179.9859176494171322247  
24.83133105295570430826  	-118.4172241539461225557 	179.9857545840361296996  
25.118864315095802197675 	-118.4172239576295879715 	179.9855896297551112184  
25.40972705549305032946  	-118.4172237567402419245 	179.98542276573135723083 
25.703957827688633130947 	-118.4172235511716166911 	179.98525396915411533882 
26.001595631652719475824 	-118.4172233408146581723 	179.98508321828305156487 
26.302679918953817406191 	-118.4172231255579390563 	179.98491048989654927936 
26.607250597988098661517 	-118.4172229052870761734 	179.98473576164593623616 
26.91534803926915486727  	-118.4172226798855689367 	179.98455901035146098366 
27.227013080779123299635 	-118.4172224492337619495 	179.98438021182255397434 
27.542287033381661842668 	-118.4172222132092997526 	179.98419934316436297195 
27.861211686297700396153 	-118.4172219716872120898 	179.98401638014533432397 
28.183829312644537168353 	-118.4172217245392602081 	179.98383129872212293776 
28.510182675039096977798 	-118.4172214716345763463 	179.98364407397102127106 
28.840315031266058554138 	-118.4172212128389105601 	179.98345468105677014137 
29.174270140011667962199 	-118.4172209480151423122 	179.98326309535352152125 
29.512092266663856321429 	-118.417220677022783093  	179.98306929098461637295 
29.853826189179596184431 	-118.4172203997182464263 	179.98287324256071428863 
30.199517204020160932032 	-118.4172201159544783877 	179.9826749239208822928  
30.549211132155132730759 	-118.4172198255809007605 	179.98247430871376195682 
30.902954325135905122579 	-118.4172195284436526208 	179.98227137075207338057 
31.260793671239550661767 	-118.4172192243852634874 	179.9820660828704319556  
31.622776601683789010622 	-118.4172189132443975268 	179.98185841759220693348 
31.988951096913979199599 	-118.4172185948560525048 	179.98164834800451217234 
32.3593656929628252783   	-118.4172182690515597869 	179.98143584561842089897 
32.73406948788382209159  	-118.4172179356580443255 	179.98122088271429674933 
33.1131121482591126437   	-118.4172175944987941421 	179.9810034306166812712  
33.496543915782773126466 	-118.4172172453929476887 	179.98078346063635990504 
33.884415613920253917968 	-118.4172168881553375286 	179.98056094336456567362 
34.276778654645035260273 	-118.4172165225965329682 	179.98033584940984042078 
34.673685045253165526447 	-118.4172161485228400579 	179.98010814893325459707 
35.075187395256804734345 	-118.4172157657357900007 	179.9798778120143367687  
35.481338923357547798787 	-118.4172153740325086346 	179.97964480786379226629 
35.892193464500522281924 	-118.4172149732051906312 	179.97940910559611893405 
36.3078054770101417148   	-118.4172145630414405559 	179.97917067401502322355 
36.728230049808459511951 	-118.4172141433237186448 	179.97892948148677305653 
37.153522909717253241979 	-118.4172137138294544911 	179.97868549607488830588 
37.58374042884441479373  	-118.4172132743310328351 	179.97843868543651524305 
38.018939632056117261527 	-118.4172128245953103942 	179.978189016843657555   
38.459178204535355405369 	-118.417212364383956924  	179.97793645702816434095 
38.904514499428060503305 	-118.4172118934527588863 	179.97768097302531487003 
39.355007545577741723264 	-118.4172114115521736721 	179.97742253033871406842 
39.810717055349719828428 	-118.4172109184266616921 	179.97716109534110273671 
40.271703432545905343432 	-118.4172104138148142738 	179.97689663281022376395 
40.738027780411272260608 	-118.417209897448927336  	179.97662910788582735222 
41.209751909733014940684 	-118.417209369055285606  	179.97635848520866375111 
41.686938347033539287168 	-118.4172088283538073483 	179.97608472899625553509 
42.169650342858219005393 	-118.4172082750577601473 	179.97580780255987065175 
42.657951880159274082871 	-118.4172077088737182748 	179.97552766959771020083 
43.151907682776524666224 	-118.4172071295015058467 	179.97524429284965208353 
43.651583224016604845019 	-118.4172065366340262926 	179.97495763454421080496 
44.157044735331254514676 	-118.4172059299567365542 	179.97466765716117720331 
44.668359215096316461313 	-118.4172053091481018328 	179.97437432181291683264 
45.185594437492241581822 	-118.4172046738789561005 	179.97407758975407432445 
45.708818961487509113795 	-118.4172040238124878897 	179.97377742178377957316 
46.238102139926027689398 	-118.4172033586038992325 	179.97347377780945976156 
46.773514128719824611835 	-118.4172026779005477692 	179.97316661802844350859 
47.315125896148053641355 	-118.4172019813415630551 	179.97285590115765785413 
47.863009232263841852273 	-118.4172012685575907653 	179.97254158655474043371 
48.417236758409941899117 	-118.4172005391706505861 	179.97222363226430275063 
48.977881936844617882798 	-118.4171997927941077933 	179.97190199609204341868 
49.545019080479015372021 	-118.4171990290321048178 	179.97157663576160757657 
50.118723362727223502588 	-118.4171982474797033547 	179.97124750760954725592 
50.699070827470436029216 	-118.4171974477226285671 	179.97091456847508084138 
51.286138399136483201346 	-118.417196629336686442  	179.97057777400345912611 
51.880003892896112915878 	-118.4171957918880480065 	179.9702370796173056533  
52.480746024977250385746 	-118.4171949349325814183 	179.96989244012530662076 
53.088444423098835045494 	-118.4171940580160509171 	179.96954380992951882945 
53.703179637025272086248 	-118.4171931606733494391 	179.96919114256519378614 
54.325033149243317609489 	-118.4171922424287686226 	179.96883439164560058998 
54.954087385762449002868 	-118.4171913027954303743 	179.96847350957978051156 
55.590425727040361891795 	-118.4171903412751305495 	179.96810844867579248785 
56.234132519034915276279 	-118.4171893573580121028 	179.96773916050062780414 
56.885293084384144890464 	-118.4171883505224087685 	179.96736559607342087475 
57.543993733715694816055 	-118.4171873202344613674 	179.96698770610495898836 
58.210321777087145278529 	-118.4171862659479472768 	179.96660544023401939739 
58.88436553555889929612  	-118.4171851871037830506 	179.96621874790824335832 
59.566214352901042161648 	-118.4171840831299959973 	179.96582757757806803056 
60.255958607435779583739 	-118.4171829534411983786 	179.96543187793406559649 
60.953689724016925310934 	-118.4171817974383884575 	179.96503159617671485648 
61.659500186148221700932 	-118.4171806145087089135 	179.96462667912729216368 
62.373483548241928531297 	-118.4171794040248926194 	179.96421707351527174978 
63.095734448019335616209 	-118.4171781653451063221 	179.96380272473626860119 
63.826348619054876110113 	-118.4171768978125669491 	179.9633835780062156573  
64.565422903465560011682 	-118.4171756007552147594 	179.96295957763578599042 
65.313055264747234218703 	-118.4171742734853438606 	179.96253066755227223439 
66.069344800759594704687 	-118.4171729152991474621 	179.96209679084296340079 
66.834391756861450062388 	-118.4171715254765189229 	179.96165788986726852272 
67.608297539198176195896 	-118.4171701032805685827 	179.96121390673388873438 
68.391164728142925355314 	-118.4171686479571548034 	179.96076478232521367318 
69.183097091893642982541 	-118.4171671587346708066 	179.96031045722324392955 
69.984199600227341875325 	-118.417165634823476239  	179.95985087118725687105 
70.794578438413793719519 	-118.4171640754155561126 	179.95938596335042802821 
71.614341021290201183547 	-118.4171624796840518457 	179.95891567195471338891 
72.443596007499010624997 	-118.4171608467829059919 	179.95843993483521217058 
73.282453313890400181663 	-118.4171591758463080168 	179.95795868876882650511 
74.13102413009174540548  	-118.4171574659882821834 	179.95747187006088552153 
74.989420933245583000826 	-118.4171557163021617498 	179.95697941405313713403 
75.85775750291837482564  	-118.4171539258602479094 	179.95648125556493823751 
76.736148936181905355625 	-118.4171520937132413565 	179.95597732852903050116 
77.624711662869174233492 	-118.4171502188896596408 	179.95546756632361962147 
78.52356346100718553771  	-118.4171483003954108426 	179.95495190101360094559 
79.432823472428154332192 	-118.4171463372132393488 	179.95443026456763391252 
80.352612218561731083355 	-118.4171443283022853166 	179.95390258770027003266 
81.283051616409935036245 	-118.4171422725972604439 	179.95336880040531468694 
82.224264994707127129914 	-118.4171401690082632285 	179.95282883208491853111 
83.176377110267111447683 	-118.4171380164198694729 	179.95228261096062283286 
84.139514164519511041362 	-118.4171358136906349046 	179.95173006475442889496 
85.113803820237663444459 	-118.4171335596527114831 	179.95117112022276728567 
86.099375218460068026616 	-118.4171312531109379051 	179.95060570324102400264 
87.096358995608056829951 	-118.4171288928422569597 	179.95003373880226149595 
88.104887300801394189875 	-118.4171264775952181481 	179.94945515107545475075 
89.125093813374547835338 	-118.4171240060891392432 	179.94886986353947122552 
90.157113760595692042443 	-118.4171214770135662775 	179.94827779841344295164 
91.20108393559095816272  	-118.4171188890275914218 	179.94767887741005552016 
92.257142715476305738775 	-118.4171162407587729604 	179.94707302095980594459 
93.325430079699103202984 	-118.4171135308031495015 	179.94646014872759565151 
94.406087628592331384425 	-118.4171107577236341513 	179.9458401796347857271  
95.499258602143584084843 	-118.4171079200498724049 	179.94521303126583688936 
96.605087898981324201486 	-118.4171050162772758085 	179.944578620675770253   
97.723722095581067037529 	-118.4171020448661693081 	179.9439368637338247936  
98.855309465693892434501 	-118.417099004240924387  	179.94328767517441747259 
100                      	-118.4170958927893764212 	179.94263096921537226081 
101.1579454259898369628  	-118.4170927088616451783 	179.94196665863464090762 
102.32929922807541345264 	-118.4170894507696090159 	179.94129465540945034263 
103.51421666793436315857 	-118.4170861167855406393 	179.94061487047594027899 
104.71285480508996101889 	-118.4170827051417518305 	179.93992721359953179672 
105.92537251772887429979 	-118.4170792140291723626 	179.93923159374901388219 
107.15193052376065452336 	-118.4170756415966820896 	179.93852791863031370667 
108.39269140212033448734 	-118.4170719859501588189 	179.93781609499023943499 
109.64781961431852153055 	-118.4170682451510288047 	179.93709602843236439185 
110.91748152624008127987 	-118.417064417215911476  	179.93636762358212877189 
112.20184543019635725614 	-118.4170605001149851887 	179.93563078374177166552 
113.5010815672314947733  	-118.4170564917712766828 	179.93488541130082580821 
114.81536214968828346628 	-118.417052390059325262  	179.93413140747637157801 
116.14486138403427162302 	-118.4170481928043727748 	179.93336867221805164263 
117.48975549395296980038 	-118.4170438977806156799 	179.93259710449589761083 
118.85022274370183481551 	-118.4170395027108071417 	179.93181660183159920052 
120.22644346174131158023 	-118.4170350052644238303 	179.93102706099907095449 
121.61860006463678018918 	-118.4170304030566285292 	179.93022837719161088899 
123.02687708123818310924 	-118.4170256936472185316 	179.92942044455682548687 
124.4514611771384977601  	-118.4170208745389629712 	179.9286031559481102704  
125.89254117941675303882 	-118.4170159431765370073 	179.92777640299004815461 
127.3503081016661724334  	-118.4170108969451149505 	179.92694007611871143126 
128.82495516931342649514 	-118.4170057331688497015 	179.92609406444051955987 
130.31667784522994679719 	-118.4170004491096790389 	179.92523825578521723401 
131.82567385564072992565 	-118.4169950419656913709 	179.92437253669808683298 
133.35214321633239364928 	-118.4169895088697046504 	179.92349679234914106019 
134.89628825916531695839 	-118.4169838468877742343 	179.92261090674350043628 
136.4583136588924503485  	-118.4169780530176012689 	179.92171476232206828172 
138.0384264602884627493  	-118.4169721241775619092 	179.92080824030443864103 
139.63683610559377257232 	-118.4169660572478477434 	179.9198912205348506177  
141.25375446227539555366 	-118.4169598489869201785 	179.9189635813187067015  
142.88939585111029373365 	-118.4169534961345675583 	179.91802519976624807896 
144.54397707459270350228 	-118.4169469952686029046 	179.91707595141105002767 
146.217717445671837595   	-118.416940342986606538  	179.91611571037759631508 
147.91083881682072842523 	-118.4169335357515251417 	179.91514434937852229268 
149.62356560944334660235 	-118.4169265699604807196 	179.91416173962679181386 
151.35612484362079044331 	-118.4169194418898172216 	179.91316775075134160033 
153.10874616820302662745 	-118.4169121477760029393 	179.91216225114743565427 
154.88166189124811467082 	-118.4169046837818939366 	179.91114510726498565418 
156.67510701081494062237 	-118.4168970459063530143 	179.91011618436900221241 
158.48931924611133581493 	-118.4168892301119910826 	179.90907534593887362462 
160.32453906900417450743 	-118.4168812322475048404 	179.90802245410483806154 
162.18100973589298519073 	-118.4168730480973152908 	179.90695736912644520089 
164.05897731995395361082 	-118.4168646732902061558 	179.90587994976246477563 
165.9586907437560512335  	-118.4168561034128828169 	179.90479005322998773408 
167.88040181225608193927 	-118.4168473339002218836 	179.90368753495559417388 
169.82436524617443751595 	-118.4168383601219289858 	179.90257224878129704848 
171.79083871575883790683 	-118.4168291773093528718 	179.90144404672489031327 
173.7800828749375341431  	-118.4168197805937552403 	179.90030277922323875828 
175.7923613958693067616  	-118.4168101649765389993 	179.89914829499196002871 
177.82794100389227764936 	-118.4168003253771814798 	179.89798044090829876041 
179.88709151287875442904 	-118.4167902565832122264 	179.89679906198995240629 
181.97008586099832427863 	-118.4167799532300193732 	179.89560400172766208016 
184.07720014689556364829 	-118.4167694098634058264 	179.89439510153601986531 
186.20871366628676923938 	-118.4167586209091780347 	179.89317220113997564113 
188.36490894898003034541 	-118.4167475806295612983 	179.89193513833615156727 
190.5460717963247248008  	-118.4167362831797731815 	179.89068374912918102382 
192.75249131909356492542 	-118.416724722567167305  	179.88941786745974127371 
194.98445997580455468778 	-118.4167128926502243758 	179.88813732549456858578 
197.2422736114853591971  	-118.4167007871605505898 	179.88684195340454152756 
199.52623149688798775969 	-118.4166883996945500712 	179.88553157940654614322 
201.83663636815606423625 	-118.4166757236547482535 	179.88420602967661920957 
204.17379446695295541758 	-118.4166627523449051296 	179.8828651284154602763  
206.53801558105288904699 	-118.4166494788581758257 	179.88150869778769447294 
208.92961308540395748423 	-118.4166358961946912132 	179.88013655786528488534 
211.34890398366465547042 	-118.4166219971157687496 	179.87874852664808145164 
213.79620895022324589263 	-118.4166077742575282628 	179.87734442005896084993 
216.27185237270199991144 	-118.4165932200860424928 	179.87592405186040878107 
218.77616239495529271153 	-118.4165783268828420205 	179.87448723363701219569 
221.30947096056374334694 	-118.4165630867490079936 	179.87303377479386767845 
223.87211385683400521884 	-118.4165474915922118271 	179.87156348249860116084 
226.46443075930594091005 	-118.4165315331499073181 	179.87007616182842184571 
229.08676527677738476996 	-118.4165152029564183067 	179.86857161542752692185 
231.73946499684785749196 	-118.4164984923607590872 	179.86704964370241555116 
234.42288153199226030665 	-118.4164813924921446642 	179.8655100447149379761  
237.13737056616551512889 	-118.4164638942832681323 	179.86395261430982372985 
239.88329190194900775168 	-118.4164459884478333151 	179.86237714583938895885 
242.66100950824156257113 	-118.4164276654916534426 	179.86078343026940729033 
245.47089156850296376433 	-118.4164089157030730348 	179.8591712562334237191  
248.3133105295570430826  	-118.4163897291392544275 	179.8575404097644252488  
251.18864315095794381705 	-118.416370095615121727  	179.85589067457374312653 
254.09727055493053171631 	-118.416350004720456468  	179.85422183174401311589 
257.03957827688634552032 	-118.4163294458038251378 	179.85253365984328866034 
260.01595631652719475824 	-118.4163084079600025689 	179.85082593494342972917 
263.02679918953811011306 	-118.4162868800332830688 	179.84909843036467691491 
266.07250597988098661517 	-118.4162648505968888912 	179.84735091694992092926 
269.15348039269156288356 	-118.4162423079728228004 	179.845583162833975166   
272.27013080779124720721 	-118.4162192402072548703 	179.84379493343482181444 
275.42287033381660421583 	-118.4161956350600917176 	179.84198599143314822868 
278.61211686297707501581 	-118.4161714800154356908 	179.84015609682160174998 
281.8382931264453645781  	-118.4161467622528789434 	179.83830500674238805914 
285.10182675039095556713 	-118.4161214686777157112 	179.83643247555835387175 
288.40315031266061396309 	-118.4160955858545491992 	179.83453825475146459212 
291.74270140011674357083 	-118.416069100074423659  	179.83262209293076239192 
295.12092266663853479258 	-118.4160419972701419056 	179.83068373581485843715 
298.53826189179602579316 	-118.4160142630821468401 	179.8287229260954518395  
301.99517204020162353117 	-118.4159858827925688729 	179.82673940353947727999 
305.49211132155141967814 	-118.4159568413406873333 	179.82473290491046213901 
309.02954325135902990951 	-118.4159271233282879621 	179.8227031638132586977  
312.60793671239559898822 	-118.41589671299436759   	179.82064991084723715176 
316.22776601683790431707 	-118.4158655942029412245 	179.8185728734985104893  
319.88951096913973515257 	-118.4158337504483569091 	179.81647177597116638026 
323.593656929628252783   	-118.415801164838470072  	179.81434633940628486926 
327.34069487883806459649 	-118.4157678200873817786 	179.81219628158973478094 
331.13112148259114064786 	-118.415733698513392369  	179.81002131707504076985 
334.96543915782757494526 	-118.4156987820058759553 	179.80782115716672819872 
338.84415613920253917968 	-118.4156630520411255247 	179.80559550964312620636 
342.76778654645028154846 	-118.415626489673826427  	179.80334407904979343584 
346.73685045253165526447 	-118.4155890755020976712 	179.8010665664426994681  
350.75187395256796207832 	-118.4155507896816459379 	179.79876266933376882662 
354.81338923357549219872 	-118.4155116118953401383 	179.79643208189307301836 
358.92193464500513755411 	-118.4154715213608852764 	179.79407449450420131143 
363.07805477010140293714 	-118.4154304968112683127 	179.7916895941125403624  
367.28230049808462354122 	-118.4153885164826647269 	179.78927706396379448961 
371.53522909717258926321 	-118.4153455580995597529 	179.7868365836771999966  
375.83740428844413372644 	-118.4153015988686377113 	179.78436782905382074205 
380.18939632056122945869 	-118.415256615471406576  	179.78187047216871974342 
384.59178204535356826455 	-118.4152105840423132577 	179.77934418127642857144 
389.04514499428069029818 	-118.4151634801499000105 	179.776788620822884468   
393.55007545577740302178 	-118.4151152788104042202 	179.77420345126964207338 
398.10717055349732618197 	-118.4150659544482522278 	179.77158832915918651452 
402.71703432545905343432 	-118.4150154808857564603 	179.76894290704299805839 
407.3802778041127794495  	-118.4149638313478476448 	179.76626683336871792562 
412.09751909733023467197 	-118.4149109784219291441 	179.76355975263160758004 
416.86938347033554919108 	-118.4148568940692598517 	179.76082130502453537702 
421.69650342858227531906 	-118.4148015495880770231 	179.75805112666057539172 
426.57951880159254187674 	-118.4147449156097167133 	179.7552488493476801068  
431.51907682776527508395 	-118.4146869620819870761 	179.75241410063475200332 
436.51583224016582107652 	-118.414627658249543174  	179.74954650375053688549 
441.57044735331254514676 	-118.4145669726430867286 	179.74664567750235733001 
446.68359215096302250458 	-118.4145048730553924088 	179.74371123624459301027 
451.85594437492238739651 	-118.4144413265320281425 	179.74074278987254160711 
457.08818961487497745111 	-118.4143762993485609059 	179.73773994371271101045 
462.38102139926036215911 	-118.414309756991372069  	179.73470229847362134024 
467.73514128719807558809 	-118.4142416641464592431 	179.73162945024330383603 
473.1512589614805506244  	-118.4141719846735725241 	179.72852099037982043228 
478.63009232263829062504 	-118.4141006815894741067 	179.72537650546658483108 
484.17236758409944741288 	-118.4140277170486257319 	179.72219557728487870918 
489.778819368446079352   	-118.4139530523227676895 	179.71897778271690526708 
495.4501908047902816179  	-118.4138766477789914688 	179.71572269366956220438 
501.18723362727223502588 	-118.4137984628660262842 	179.7124298771608152947  
506.99070827470444555729 	-118.4137184560733970784 	179.70909889502536316286 
512.86138399136484622431 	-118.4136365849341245848 	179.7057293040869296874  
518.80003892896115758049 	-118.413552805990974548  	179.70232065591241621405 
524.80746024977258912259 	-118.4134670747609021646 	179.69887249686317431951 
530.88444423098849256348 	-118.413379345737098447  	179.69538436801570924217 
537.0317963702527777059  	-118.4132895723390390685 	179.69185580504003496571 
543.250331492433360836   	-118.4131977069112195977 	179.68828633822738538584 
549.5408738576245468721  	-118.4131037006717548365 	179.68467549232266833314 
555.90425727040371839394 	-118.4130075037143399186 	179.68102278656377279731 
562.34132519034903907595 	-118.41290906496021762   	179.67732773452823380467 
568.85293084384124995267 	-118.4128083321397895133 	179.67358984410623179429 
575.43993733715694816055 	-118.4127052517639668849 	179.66980861743599007241 
582.10321777087131067674 	-118.4125997690927363237 	179.66598355085349680849 
588.84365535558902138291 	-118.4124918281165719236 	179.66211413471887681226 
595.66214352901033635135 	-118.4123813715061714902 	179.65819985351430432274 
602.55958607435775320482 	-118.4122683406060474454 	179.65424018560750596407 
609.53689724016908257909 	-118.412152675383893552  	179.65023460330888838143 
616.59500186148216016591 	-118.4120343144089702037 	179.64618257268034540175 
623.73483548241915741528 	-118.4119131948120298148 	179.64208355359144775321 
630.95734448019334195124 	-118.4117892522634463148 	179.63793699952950078114 
638.26348619054863320343 	-118.4116624209258077371 	179.63374235759457064887 
645.65422903465560011682 	-118.4115326334247697559 	179.62949906835973479247 
653.13055264747231376532 	-118.4113998208159159731 	179.6252065658644312407  
660.69344800759608915541 	-118.4112639125393116046 	179.62086427750816142179 
668.34391756861452904559 	-118.4111248363928581284 	179.61647162393816756776 
676.08297539198190406751 	-118.4109825184852269331 	179.61202801897340464166 
683.91164728142928197485 	-118.4108368831979731794 	179.60753286960377295145 
691.83097091893660035566 	-118.4106878531503355134 	179.60298557578920508604 
699.84199600227339033154 	-118.4105353491498817675 	179.59838553045474895953 
707.94578438413805088203 	-118.4103792901533438453 	179.5937321193690365817  
716.14341021290204025718 	-118.4102195932292147518 	179.58902472108403003404 
724.43596007499024835852 	-118.41005617350182888   	179.58426270682301151282 
732.82453313890414392517 	-118.4098889441180659787 	179.57944544038940648534 
741.31024130091770985018 	-118.4097178161908630045 	179.57457227811380562343 
749.89420933245583000826 	-118.409542698758343704  	179.5696425687039834429  
758.57757502918366299127 	-118.409363498729277353  	179.56465565320576160957 
767.36148936181893986941 	-118.4091801208408583079 	179.55961086488267142158 
776.24711662869162864808 	-118.4089924676002283377 	179.55450752912935286076 
785.23563461007188379881 	-118.4088004392346391569 	179.54934496335761195951 
794.32823472428140121337 	-118.4086039336431497304 	179.5441224769156747243  
803.52612218561728241184 	-118.4084028463321658364 	179.53883937101011269988 
812.83051616409909456706 	-118.4081970703669526301 	179.53349493855154150879 
822.24264994707129972085 	-118.4079864963126738076 	179.52808846407472742612 
831.76377110267083025974 	-118.4077710121719206882 	179.52261922367804913847 
841.39514164519528094388 	-118.4075505033315209857 	179.51708648485765706937 
851.13803820237637864921 	-118.407324852493616163  	179.5114895064179165729  
860.99375218460068026616 	-118.4070939396187185366 	179.50582753840623695396 
870.96358995608056829951 	-118.4068576418554243901 	179.5000998219531425093  
881.04887300801419769414 	-118.4066158334806289076 	179.49430558914528432979 
891.25093813374542150996 	-118.406368385828258738  	179.48844406299551224038 
901.5711376059571193764  	-118.4061151672176350758 	179.48251445726950237258 
912.01083935590975215746 	-118.4058560428907185269 	179.47651597636837550453 
922.57142715476334160485 	-118.4055908749301835314 	179.47044781520665424068 
933.25430079699106045155 	-118.4053195221908936219 	179.46430915915374271208 
944.06087628592354121793 	-118.4050418402244133631 	179.45809918383667991293 
954.99258602143584084843 	-118.4047576811961164367 	179.45181705507019387369 
966.05087898981355465367 	-118.4044668938110902445 	179.44546192870808454245 
977.23722095581069879699 	-118.4041693232297376426 	179.43903295051637769575 
988.55309465693903803185 	-118.4038648109834355182 	179.43252925605864334102 
1000                     	-118.4035531948919413026 	179.42594997057736350143 
1011.5794542598982843629 	-118.4032343089731398322 	179.41929420881962187195 
1023.2929922807536513574 	-118.4029079833550213152 	179.41256107494481852882 
1035.1421666793439726462 	-118.4025740441841776374 	179.40574966237787180035 
1047.1285480508995533455 	-118.4022323135290832852 	179.39885905365321150384 
1059.2537251772885156242 	-118.4018826092880516399 	179.39188832032152731699 
1071.5193052376059767994 	-118.4015247450872010404 	179.38483652274010182737 
1083.9269140212038564641 	-118.4011585301811635418 	179.37770271000107413784 
1096.4781961431849595101 	-118.4007837693506957066 	179.37048591973598377081 
1109.1748152624008980638 	-118.400400262794235573  	179.36318517797857907681 
1122.0184543019629472838 	-118.4000078060229554922 	179.35579949903791430188 
1135.0108156723154024803 	-118.3996061897471179236 	179.34832788531349478944 
1148.153621496882806241  	-118.399195199763681785  	179.34076932716723717931 
1161.4486138403426593868 	-118.3987746168397023894 	179.33312280273187866442 
1174.8975549395290727261 	-118.3983442165949071523 	179.3253872778027186996  
1188.5022274370189734327 	-118.3979037693771942941 	179.31756170563025420961 
1202.264434617413144224  	-118.397453040138856295  	179.30964502677218774807 
1216.1860006463680292654 	-118.3969917883094922217 	179.30163616892232880673 
1230.2687708123810352845 	-118.3965197676645857428 	179.29353404674904481908 
1244.5146117713857165654 	-118.3960367261907151715 	179.28533756171330537654 
1258.9254117941675303882 	-118.3955424059482766097 	179.27704560190801430508 
1273.5030810166615538037 	-118.3950365429326154754 	179.26865704184626792994 
1288.2495516931337533606 	-118.3945188669273420601 	179.26017074232245818166 
1303.1667784523001500929 	-118.3939891013589260638 	179.25158555019092432303 
1318.2567385564072992565 	-118.3934469631442141235 	179.24290029820843983543 
1333.5214321633238796494 	-118.3928921625357588709 	179.23411380482667709657 
1348.9628825916531695839 	-118.3923244029651868914 	179.22522487399140800335 
1364.5831365889239350508 	-118.3917433808773864712 	179.21623229497598117632 
1380.3842646028851959272 	-118.3911487855673385639 	179.20713484213965216441 
1396.36836105593783941   	-118.3905402990071138447 	179.19793127476719973856 
1412.53754462275401238   	-118.3899175956746603333 	179.18862033681836010146 
1428.8939585111020278418 	-118.3892803423709239041 	179.17920075675257862713 
1445.4397707459279445175 	-118.388628198040208872  	179.16967124730734894911 
1462.17717445671837595   	-118.3879608135798520152 	179.16003050525679896054 
1479.1083881682072842523 	-118.387277831650465032  	179.15027721121305148699 
1496.2356560944328975893 	-118.3865788864767125688 	179.14041002939850955045 
1513.5612484362086433975 	-118.3858636036468965358 	179.13042760741703318672 
1531.0874616820301525877 	-118.3851315999062450146 	179.12032857599174917596 
1548.8166189124810898647 	-118.3843824829443178714 	179.11011154876928230806 
1566.751070108148496729  	-118.3836158511788738679 	179.09977512205358607389 
1584.893192461114267644  	-118.3828312935332007783 	179.0893178745571105992  
1603.2453906900418587611 	-118.3820283892075337917 	179.07873836715597803959 
1621.8100973589298519073 	-118.3812067074468075134 	179.06803514263796728301 
1640.5897731995387403003 	-118.3803658073006204177 	179.0572067254372257139  
1659.5869074375614218297 	-118.3795052373787513034 	179.04625162135158689125 
1678.804018122560592019  	-118.3786245355992718942 	179.03516831730340186368 
1698.2436524617444320029 	-118.3777232289310035185 	179.02395528103591004765 
1717.9083871575876401039 	-118.3768008331303747127 	179.01261096085661961297 
1737.8008287493762509257 	-118.3758568524702639024 	179.00113378532756769346 
1757.923613958693067616  	-118.3748907794637261759 	178.98952216297860218219 
1778.279410038922833337  	-118.3739020945782982608 	178.97777448202560890422 
1798.8709151287871463865 	-118.372890265946693944  	178.96588911003917132803 
1819.7008586099823332916 	-118.3718547490669266153 	178.95386439365989872385 
1840.7720014689564322907 	-118.3707949864968469456 	178.941698658263192101   
1862.0871366628673513333 	-118.3697104075407082746 	178.92939020764680435605 
1883.6490894897999623936 	-118.3686004279266796857 	178.91693732370941916088 
1905.4607179632464522001 	-118.3674644494784757853 	178.90433826608355616372 
1927.5249131909365587489 	-118.3663018597761009687 	178.89159127182674069445 
1949.8445997580456605647 	-118.3651120318100993245 	178.87869455505861537858 
1972.4227361148537056579 	-118.3638943236260132608 	178.86564630659242425281 
1995.2623149688788544154 	-118.3626480779600456117 	178.85244469359392383012 
2018.3663636815617792308 	-118.3613726218651436284 	178.83908785918200123888 
2041.7379446695294973324 	-118.3600672663281727637 	178.82557392206496160725 
2065.3801558105292315304 	-118.3587313058772849672 	178.81190097615217382554 
2089.2961308540388927213 	-118.3573640181776767122 	178.79806709013811882869 
2113.4890398366478621028 	-118.3559646636200568537 	178.78407030711929337485 
2137.9620895022326294566 	-118.3545324848952162711 	178.7699086441689644289  
2162.7185237270200559578 	-118.3530667065600994192 	178.75558009189629160574 
2187.7616239495519039338 	-118.3515665345913987494 	178.7410826140527149164  
2213.0947096056388545549 	-118.3500311559277236029 	178.72641414703917916995 
2238.7211385683399385016 	-118.3484597380004288425 	178.71157259949285389666 
2264.6443075930596933176 	-118.3468514282523074144 	178.69655585179287982101 
2290.8676527677725971444 	-118.3452053536426973324 	178.68136175560499623316 
2317.3946499684798254748 	-118.3435206201407368098 	178.6659881333799830827  
2344.2288153199224325363 	-118.3417963122054317182 	178.65043277786895714598 
2371.3737056616550944455 	-118.3400314922506879611 	178.63469345159793988387 
2398.83291901948996383   	-118.3382252000983072548 	178.61876788636581636638 
2426.6100950824143183127 	-118.3363764524151093838 	178.60265378269485836427 
2454.7089156850311155722 	-118.3344842421355593842 	178.5863488092746251823  
2483.1331052955702034524 	-118.332547537869160692  	178.56985060242524809837 
2511.886431509579779231  	-118.3305652832922447715 	178.55315676550139869505 
2540.9727055493040097645 	-118.3285363965233329964 	178.53626486831947772771 
2570.3957827688645920716 	-118.3264597694822839458 	178.51917244652617000611 
2600.1595631652717202087 	-118.3243342672311086972 	178.50187700101011500919 
2630.2679918953817832517 	-118.322158727298614167  	178.48437599724812230306 
2660.7250597988086155965 	-118.3199319589857338997 	178.46666686465545126339 
2691.5348039269165383303 	-118.3176527426529105469 	178.44874699591321132175 
2722.7013080779124720721 	-118.3153198289871710358 	178.43061374629431270478 
2754.2287033381662695319 	-118.3129319382503155111 	178.41226443295064996164 
2786.1211686297697269765 	-118.3104877595056478867 	178.39369633417760496741 
2818.3829312644547826494 	-118.3079859498245269833 	178.37490668869693877241 
2851.0182675039095556713 	-118.3054251334707771548 	178.35589269485754471134 
2884.0315031266054575099 	-118.3028039010616652149 	178.33665150990375991569 
2917.4270140011658440926 	-118.3001208087074758168 	178.31718024910782105508 
2951.2092266663871669152 	-118.2973743771258767765 	178.29747598499372429615 
2985.3826189179603716184 	-118.29456309073191278   	178.27753574644930267823 
3019.9517204020162353117 	-118.2916853967034143125 	178.25735651787354640874 
3054.921113215512377792  	-118.288739704018595944  	178.23693523826801765608 
3090.2954325135920043977 	-118.2857243824687145661 	178.21626880030589745729 
3126.0793671239562172559 	-118.2826377616404727178 	178.19535404938881129056 
3162.2776601683790431707 	-118.2794781298717907703 	178.174187782663040025   
3198.8951096913974652125 	-118.2762437331764573401 	178.15276674799616785094 
3235.9365692962810499012 	-118.272932774138610057  	178.13108764296327990451 
3273.4069487883830333885 	-118.2695434107752419095 	178.10914711375392016635 
3311.3112148259106106707 	-118.2660737553663352628 	178.08694175407907778208 
3349.6543915782758631394 	-118.2625218732510887776 	178.06446810403039648918 
3388.4415613920241412416 	-118.2588857815889298308 	178.04172264891380450536 
3427.6778654645045207872 	-118.2551634480845166308 	178.01870181803610648785 
3467.3685045253164389578 	-118.2513527896757352664 	177.99540198346693387066 
3507.5187395256798481569 	-118.2474516711826595383 	177.97181945874243069738 
3548.1338923357534440584 	-118.2434579039168767167 	177.94795049755330751395 
3589.2193464500537629647 	-118.2393692442497297179 	177.92379129237212964654 
3630.7805477010142567451 	-118.235183392137116698  	177.89933797303723395089 
3672.8230049808462354122 	-118.2308979896013880762 	177.87458660530430165636 
3715.3522909717239599559 	-118.2265106191661914181 	177.8495331893319360006  
3758.374042884443042567  	-118.2220188022450599874 	177.82417365813421383791 
3801.8939632056126356474 	-118.2174199974806469982 	177.79850387597400640516 
3845.9178204535355689586 	-118.2127115990329713213 	177.77251963669425549597 
3890.4514499428046292451 	-118.207890934815793571  	177.7462166620180710197  
3935.5007545577764176414 	-118.2029552646782946113 	177.71959059975600325743 
3981.0717055349732618197 	-118.197901778529967487  	177.69263702197810061989 
4027.1703432545905343432 	-118.1927275944080975023 	177.66535142311769845946 
4073.8027780411262028792 	-118.1874297564836382435 	177.63772921800244830592 
4120.9751909733040520223 	-118.1820052330052135403 	177.60976573981270121294 
4168.6938347033546961029 	-118.1764509141772236944 	177.58145623798827728024 
4216.9650342858230942511 	-118.170763609971189112  	177.55279587602913693445 
4265.7951880159253050806 	-118.1649400478663096692 	177.52377972924557525403 
4315.1907682776500223554 	-118.1589768705176481944 	177.49440278241132773474 
4365.1583224016612803098 	-118.1528706333493516922 	177.46465992732771610463 
4415.7044735331255651545 	-118.1466178020680217742 	177.43454596030909442561 
4466.8359215096297702985 	-118.1402147500962342974 	177.4040555795679097173  
4518.559443749221827602  	-118.1336577559205949228 	177.37318338249716020982 
4570.8818961487522756215 	-118.1269430003520568562 	177.34192386286380838101 
4623.8102139926031668438 	-118.1200665636949338477 	177.31027140787267626365 
4677.3514128719816653756 	-118.1130244228208994173 	177.27822029514058499444 
4731.5125896148028914467 	-118.1058124481438795783 	177.24576468953821972718 
4786.3009232263848389266 	-118.0984264004927410951 	177.21289863991086122041 
4841.7236758409935646341 	-118.0908619278765883109 	177.17961607567139026287 
4897.788193684461475641  	-118.0831145621384905553 	177.14591080325229199843 
4954.5019080479005424422 	-118.075179715493987942  	177.11177650242447612072 
5011.872336272725078743  	-118.0670526769478954066 	177.07720672245727655536 
5069.9070827470441145124 	-118.0587286085862928076 	177.0421948781306298315  
5128.6138399136489169905 	-118.0502025417363967108 	177.00673424556421764464 
5188.0003892896093020681 	-118.0414693729906048247 	176.97081795789716807121 
5248.0746024977279375889 	-118.0325238600874513395 	176.93443900077087960199 
5308.8444423098844708875 	-118.0233606176439309365 	176.89759020762318186826 
5370.3179637025268675643 	-118.0139741127331376447 	176.86026425478635815125 
5432.5033149243299703812 	-118.00435866029886256   	176.82245365636208589422 
5495.4087385762477424578 	-117.9945084184024750584 	176.78415075889361673944 
5559.042572704037411313  	-117.9844173832920404266 	176.74534773578031376928 
5623.4132519034901633859 	-117.9740793842873358699 	176.70603658146202974422 
5688.5293084384138637688 	-117.9634880784718689029 	176.66620910534493305022 
5754.3993733715660710004 	-117.9526369451832721325 	176.62585692543584059422 
5821.0321777087156078778 	-117.9415192802923826321 	176.58497146171129088543 
5888.4365535558899864554 	-117.9301281902619535913 	176.54354392916454230544 
5956.6214352901033635135 	-117.918456585974013251  	176.5015653305395062489  
6025.5958607435750309378 	-117.9064971763152982476 	176.45902644872390396813 
6095.3689724016940090223 	-117.8942424615091368878 	176.41591783878368460137 
6165.9500186148216016591 	-117.8816847261818310244 	176.3722298196224755884  
6237.3483548241911194054 	-117.8688160321504909689 	176.32795246523517107562 
6309.5734448019302362809 	-117.8556282109189794483 	176.28307559554278327596 
6382.6348619054888331448 	-117.8421128558667874131 	176.23758876678175511188 
6456.5422903465560011682 	-117.8282613141178245542 	176.19148126141428178926 
6531.3055264747235924006 	-117.814064678069669867  	176.14474207754142298654 
6606.9344800759572535753 	-117.799513776569312995  	176.09735991778322272694 
6683.439175686148701061  	-117.784599165715846425  	176.04932317759238458166 
6760.8297539198192680487 	-117.769311119272600763  	176.0006199329755531835  
6839.1164728142930471222 	-117.7536396186619356286 	175.95123792758255376611 
6918.3097091893623655778 	-117.7375743425370728801 	175.9011645591099579633  
6998.4199600227384507889 	-117.7211046558803104745 	175.8503868650026333853  
7079.4578438413809635676 	-117.7042195986388009032 	175.79889150738924286088 
7161.4341021290201751981 	-117.6869078738441487531 	175.74666475721346614591 
7244.35960074989907298   	-117.6691578351943405778 	175.69369247749560258853 
7328.2453313890446224832 	-117.6509574740778987234 	175.63996010568780548056 
7413.1024130091773258755 	-117.6322944060072615002 	175.58545263505450861885 
7498.9420933245583000826 	-117.6131558564122912003 	175.53015459500218753419 
7585.775750291835720418  	-117.5935286457793296222 	175.47405003031340697817 
7673.6148936181862154626 	-117.5733991740930548531 	175.41712247918829348237 
7762.4711662869194697123 	-117.5527534045229742787 	175.35935495002550510435 
7852.3563461007179284934 	-117.5315768463409682454 	175.3007298968529994454  
7943.2823472428126478917 	-117.5098545370027807166 	175.24122919331486514238 
8035.2612218561698682606 	-117.4875710233494316981 	175.18083410510905650881 
8128.3051616409957205178 	-117.4647103418752180914 	175.11952526078309233526 
8222.4264994707118603401 	-117.4412559980168424545 	175.05728262074146073246 
8317.6377110267076204764 	-117.4171909443859647126 	174.99408544436627721552 
8413.9514164519478072179 	-117.3924975578927387687 	174.92991225509683772543 
8511.3803820237681065919 	-117.3671576156887397246 	174.86474080331430513979 
8609.9375218460081669036 	-117.341152269852798895  	174.79854802688291215418 
8709.6358995608061377425 	-117.3144620207416863877 	174.7313100091640762912  
8810.4887300801383389626 	-117.2870666889187702964 	174.66300193430106446613 
8912.5093813374587625731 	-117.2589453855704277885 	174.59359803958523116307 
9015.7113760595693747746 	-117.2300764813120963481 	174.52307156465874982132 
9120.1083935590959299589 	-117.2004375732657734943 	174.4513946973104054905  
9225.7142715476293233223 	-117.1700054503137664597 	174.37853851559913209712 
9332.5430079699144698679 	-117.138756056383243731  	174.30447292600817377206 
9440.6087628592358669266 	-117.1066644516449883895 	174.22916659729571620119 
9549.9258602143600001    	-117.0737047714663958686 	174.15258688969538525271 
9660.5087898981309990631 	-117.03985018297038323   	174.07469977909525482573 
9772.3722095581106259488 	-117.005072839031129206  	173.99546977573692174701 
9885.5309465693899255712 	-116.969343829515167954  	173.91485983699513440115 
10000                    	-116.9326331295706040692 	173.83283127371913678871 
10115.794542598981934134 	-116.8949095447556203453 	173.74934364956570220784 
10232.929922807536058826 	-116.8561406527536092881 	173.66435467270849812849 
10351.421666793441545451 	-116.8162927414370955148 	173.57782007924041067781 
10471.285480508995533455 	-116.7753307429871654222 	173.48969350751150386714 
10592.537251772886520484 	-116.7332181637687540388 	173.39992636256286573371 
10715.193052376060222741 	-116.6899170096340583314 	173.30846766974690353891 
10839.269140212038109894 	-116.6453877062815820409 	173.215263916488055429   
10964.781961431852323585 	-116.5995890142836515224 	173.12025888107416449202 
11091.748152624008071143 	-116.5524779383423350509 	173.02339344719405289652 
11220.184543019629927585 	-116.5040096303025194402 	172.92460540282473857587 
11350.108156723154024803 	-116.4541372853923917319 	172.82382922191828811265 
11481.53621496882806241  	-116.4028120311283345245 	172.72099582711643961375 
11614.486138403426593868 	-116.3499828082453433353 	172.61603233156088776923 
11748.975549395290727261 	-116.2955962429637821742 	172.5088617576184049085  
11885.022274370188824832 	-116.2395965098230590229 	172.39940273005797166661 
12022.644346174130987492 	-116.1819251842387359375 	172.2875691409437308721  
12161.86000646367756417  	-116.1225210838509127598 	172.17326978316262398039 
12302.687708123810807592 	-116.0613200976239767215 	172.05640794907702684213 
12445.146117713857165654 	-115.9982550015553925959 	171.93688099040724637234 
12589.254117941674849135 	-115.9332552597199992306 	171.81457983487356955266 
12735.030810166615992785 	-115.8662468092306454537 	171.68938845458251307718 
12882.495516931336169364 	-115.7971518275409295029 	171.56118328043643828096 
13031.667784522998772445 	-115.7258884803314344936 	171.42983255606677062133 
13182.567385564074356807 	-115.6523706480121234108 	171.29519562389924658419 
13335.214321633240615483 	-115.576507628645529735  	171.15712213487191206696 
13489.628825916532150586 	-115.4982038148218919105 	171.01545117214664060157 
13645.831365889240260003 	-115.4173583417189661304 	170.8700102776938081206  
13803.842646028851959272 	-115.3338647032340702481 	170.72061436898073338853 
13963.683610559375665616 	-115.2476103326749523603 	170.56706453104030174472 
14125.375446227539214306 	-115.158476144046318268  	170.40914666690784429193 
14288.939585111022097408 	-115.0663360294475836554 	170.24662998669492708359 
14454.397707459280354669 	-114.9710563074948055373 	170.07926531241193401911 
14621.771744567184214247 	-114.8724951169879915369 	169.90678317182974410571 
14791.083881682070568786 	-114.7705017492484387276 	169.72889165020296786679 
14962.356560944328521146 	-114.6649159116158642746 	169.54527396329612543013 
15135.612484362085524481 	-114.5555669135260359326 	169.3555857087420690732  
15310.874616820303344866 	-114.4422727653259528324 	169.15945174503443126923 
15488.166189124811353395 	-114.324839178526019623  	168.95646263816487930853 
15667.510701081484512542 	-114.203058454470237848  	168.74617060465013196335 
15848.931924611140857451 	-114.076708246398155211  	168.52808486600571313829 
16032.453906900418587611 	-113.9455501775048418267 	168.30166631303740132353 
16218.100973589298519073 	-113.8093282948218813999 	168.06632135784022352709 
16405.897731995388312498 	-113.6677673354469391143 	167.82139482621064985324 
16595.869074375616037287 	-113.5205707777492989408 	167.56616171201056886275 
16788.04018122560592019  	-113.3674186455461097012 	167.2998175762780306286  
16982.436524617442046292 	-113.2079650277359093025 	167.02146732548692398268 
17179.083871575876401039 	-113.0418352693016004196 	166.73011204256758333031 
17378.008287493761599762 	-112.8686227817513696436 	166.42463346750972164045 
17579.236139586930221412 	-112.6878854116773851501 	166.10377562681364338459 
17782.79410038922651438  	-112.4991412948832447682 	165.766122986365445513   
17988.709151287872373359 	-112.301864110075911185  	165.41007434187588387431 
18197.0085860998260614   	-112.0954776300467017336 	165.0338114532730173778  
18407.720014689562958665 	-111.8793494490646480699 	164.63526115847938058323 
18620.871366628674877575 	-111.6527837424256830445 	164.21204934605660241687 
18836.490894898000988178 	-111.4150128872299347904 	163.76144469496315991819 
19054.60717963246133877  	-111.1651877422039689236 	163.28028946085035499891 
19275.249131909364223247 	-110.9023663487382975745 	162.7649137421612124399  
19498.445997580452967668 	-110.6255007760815942675 	162.21102851079973561355 
19724.227361148536147084 	-110.3334217930999017199 	161.61359111911494323977 
19952.623149688788544154 	-110.0248210123573073815 	160.96663482052596805261 
20183.663636815617792308 	-109.6982301301039655073 	160.26305080657900248298 
20417.379446695296792313 	-109.3519968987054511445 	159.49430698762904512478 
20653.801558105293224799 	-108.9842575554275185823 	158.65008166247167764595 
20892.961308540390746202 	-108.5929056672516281878 	157.71778149178959438359 
21134.890398366478621028 	-108.1755578743416208454 	156.68190055382072500834 
21379.620895022326294566 	-107.7295180859442922383 	155.52315885008823670432 
21627.185237270201469073 	-107.2517437957181414276 	154.21733171193866951398 
21877.616239495517220348 	-106.7388222801858290723 	152.73364228602011394287 
22130.947096056388545549 	-106.186972333525460499  	151.03253268775250717226 
22387.211385683400294511 	-105.5921023733039589843 	149.06255054465228226945 
22646.443075930597842671 	-104.9499849962295172645 	146.75598633452349872641 
22908.676527677722333465 	-104.2566643191979665062 	144.02279365239797925824 
23173.946499684796435758 	-103.5093195022288341534 	140.74230787192215075265 
23442.288153199227963341 	-102.7080048585601304012 	136.75263697228419346175 
23713.737056616551853949 	-101.8590182772035461767 	131.83915389270728724114 
23988.32919019489781931  	-100.9810762692744674496 	125.72832467750242813054 
24266.100950824144092621 	-100.1154995384119388291 	118.10511352287163333585 
24547.089156850310246227 	-99.33927212389455974062 	108.69385580345810637937 
24831.331052955702034524 	-98.77102083256849596182 	97.452728229572329610164 
25118.86431509579779231  	-98.54613134012953423735 	84.844332258373981403565 
25409.727055493040097645 	-98.74831690416984031344 	71.907345446817032552644 
25703.957827688645920716 	-99.3495442980376566311  	59.845242714993048593897 
26001.595631652722659055 	-100.2315259000889682284 	49.444011527476796175051 
26302.679918953814194538 	-101.2606867833609101126 	40.897064937570114295795 
26607.250597988087974954 	-102.3375639358644093591 	34.019704452500732827502 
26915.348039269163564313 	-103.4036232294131707476 	28.501288653676617457222 
27227.013080779128358699 	-104.4297760333407154576 	24.041449444808115742944 
27542.28703338166087633  	-105.404183975059041245  	20.394433152337210657379 
27861.211686297690903302 	-106.3240676872650567475 	17.371895182542736790765 
28183.829312644549645483 	-107.1910298566363195505 	14.832891750578873768518 
28510.182675039101013681 	-108.008577678084932927  	12.672427328232860332946 
28840.315031266054575099 	-108.7808673432694064331 	10.811907711374541207761 
29174.270140011656621937 	-109.5120939992762600923 	9.1919525147187179925368 
29512.092266663872578647 	-110.2062142576111938297 	7.7671910742926186799195 
29853.826189179602806689 	-110.8668369404547888735 	6.5025432403941980652462 
30199.517204020161443623 	-111.4971968993812083681 	5.3705632117320902807478 
30549.21113215512377792  	-112.1001680461059777372 	4.3495320543579918393107 
30902.954325135920953471 	-112.678293178471804481  	3.4220759417754424980274 
31260.793671239556715591 	-113.233819322293399523  	2.5741549781044201772318 
31622.776601683795888675 	-113.7687330981002986618 	1.7943151946852091693785 
31988.951096913970104652 	-114.28479362104299355   	1.0731291810126748487164 
32359.365692962812318001 	-114.7835619792990939914 	0.4027732971671391104529 
32734.069487883825786412 	-115.2664271042951327217 	-0.223295187401699818386 
33113.112148259111563675 	-115.7346282098909142633 	-0.810587085411011099012 
33496.543915782756812405 	-116.1892741308422216662 	-1.363775120314850042291 
33884.415613920238683932 	-116.6313599364298738692 	-1.88684615666720079119  
34276.778654645044298377 	-117.061781187982433039  	-2.383221765978368988925 
34673.685045253165299073 	-117.4813461781845376208 	-2.855854472992424675226 
35075.187395256791205611 	-117.8907864506657574566 	-3.307305163863852648376 
35481.338923357528983615 	-118.2907658580167833406 	-3.739805783746379841403 
35892.193464500531263184 	-118.6818883786821174908 	-4.155310458432117215466 
36307.805477010137110483 	-119.0647048795639619811 	-4.555537440195516651897 
36728.230049808465992101 	-119.4397189820206222066 	-4.94200372992231251601  
37153.522909717241418548 	-119.8073921640599621696 	-5.316053815382212555107 
37583.74042884443042567  	-120.1681482104986145032 	-5.678883652912666946122 
38018.939632056128175464 	-120.5223771052062318176 	-6.031560781057310194342 
38459.178204535353870597 	-120.8704384447703716887 	-6.375041271007364507284 
38904.514499428049020935 	-121.2126644405650495173 	-6.710184076413744591605 
39355.007545577762357425 	-121.5493625658946683643 	-7.037763234193005423833 
39810.717055349734437186 	-121.8808178962566302062 	-7.358478280913499425253 
40271.703432545909890905 	-122.2072951835572638402 	-7.672963180644762459792 
40738.027780411262938287 	-122.5290406990677354315 	-7.981794005592376173297 
41209.751909733036882244 	-122.8462838748330199223 	-8.285495567350130485806 
41686.93834703354514204  	-123.1592387689809982021 	-8.584547161624318079021 
42169.650342858221847564 	-123.4681053767726410797 	-8.879387561172141118959 
42657.951880159249412827 	-123.7730708061994420177 	-9.170419368814936689205 
43151.907682776502042543 	-124.0743103343509119441 	-9.458012823866194906941 
43651.583224016612803098 	-124.3719883585912953095 	-9.742509140088621677478 
44157.044735331255651545 	-124.6662592547152144107 	-10.02422344082680538691 
44668.359215096308616921 	-124.957268152667211325  	-10.30344734669648154579 
45185.59443749221827602  	-125.2451516390448773564 	-10.58045126268732083474 
45708.818961487522756215 	-125.5300383944393871616 	-10.85548640445487755812 
46238.102139926035306416 	-125.8120497726645083958 	-11.12878659770964695497 
46773.51412871980573982  	-126.0913003280594182343 	-11.4005698796531778072  
47315.125896148027095478 	-126.3678982963024566288 	-11.67103992727363781512 
47863.009232263852027245 	-126.6419460335280291474 	-11.9403873338349875155  
48417.236758409933827352 	-126.9135404179775292732 	-12.20879075193870910709 
48977.881936844612937421 	-127.1827732179250034505 	-12.47641791902546870574 
49545.019080479003605433 	-127.4497314291953102838 	-12.74342657909678599992 
50118.72336272725078743  	-127.7144975852196466803 	-13.00996531257522903502 
50699.070827470437507145 	-127.9771500422486383286 	-13.27617428472446547971 
51286.138399136478255969 	-128.2377632420594579798 	-13.54218592169928570002 
51880.003892896093020681 	-128.4964079542400838818 	-13.80812552214267796558 
52480.7460249772775569   	-128.7531514999172372882 	-14.07411181130279409501 
53088.444423098844708875 	-129.0080579585969928758 	-14.34025744377125555218 
53703.179637025270494632 	-129.2611883596170514465 	-14.6066694602014681692  
54325.033149243310617749 	-129.5126008595585460625 	-14.87344970276383193664 
54954.087385762482881546 	-129.7623509068274358924 	-15.1406951935094475914  
55590.42572704037593212  	-130.0104913944999793785 	-15.4084984793458499297  
56234.132519034908909816 	-130.2570728024182642457 	-15.67694794691283455279 
56885.29308438413136173  	-130.5021433294252233281 	-15.94612811026470211573 
57543.99373371567344293  	-130.745749016549694943  	-16.21611987396343224077 
58210.321777087156078778 	-130.9879338618709141429 	-16.48700077388219042973 
58884.365535558899864554 	-131.2287399277247459395 	-16.7588451977810102278  
59566.214352901035454124 	-131.4682074408599703474 	-17.03172458750706041997 
60255.958607435750309378 	-131.7063748860885823433 	-17.30570762445578836264 
60953.689724016941909213 	-131.9432790939328015156 	-17.580860399777101577   
61659.500186148223292548 	-132.1789553227259261803 	-17.85724657064811538021 
62373.483548241914832033 	-132.4134373355806530981 	-18.13492750380622808848 
63095.73444801929872483  	-132.646757472609465367  	-18.41396240742149359448 
63826.348619054886512458 	-132.8789467187436628137 	-18.69440845225477332292 
64565.422903465558192693 	-133.1100347674704380552 	-18.97632088299397423725 
65313.055264747228648048 	-133.3400500807823050309 	-19.25975312053714105787 
66069.344800759587087668 	-133.5690199456076072693 	-19.54475685594324829708 
66834.391756861485191621 	-133.7969705269688063254 	-19.83138213669187521759 
67608.297539198189042509 	-134.0239269180980272722 	-20.11967744582512196416 
68391.164728142917738296 	-134.249913187717368146  	-20.40968977451989019301 
69183.097091893621836789 	-134.4749524246782641512 	-20.70146468852901122659 
69984.19960022738086991  	-134.6990667801401002635 	-20.99504638897879971182 
70794.578438413795083761 	-134.9222775074502465031 	-21.29047776787336587745 
71614.341021290194476023 	-135.144604999878538365  	-21.58780045868072150483 
72443.596007498985272832 	-135.3660688263491636008 	-21.88705488233082618876 
73282.4533138904516818   	-135.5866877652985635905 	-22.18828028891183024029 
74131.024130091769620776 	-135.8064798367811647495 	-22.49151479534261355298 
74989.420933245579362847 	-136.0254623329362857476 	-22.79679541926306285404 
75857.757502918364480138 	-136.2436518469178849955 	-23.10415810935715086316 
76736.148936181853059679 	-136.4610643003878749369 	-23.41363777233504350761 
77624.711662869201973081 	-136.6777149696607125406 	-23.72526829673342874116 
78523.563461007172008976 	-136.8936185105838490017 	-24.03908257371609025199 
79432.823472428135573864 	-137.1087889822326246758 	-24.35511251502342489061 
80352.612218561684130691 	-137.3232362548720288942 	-24.67338977454188508887 
81283.051616409953567199 	-137.5369804115149179324 	-24.99394297695861766329 
82224.264994707118603401 	-137.7500303141515018979 	-25.31680184322037163724 
83176.3771102670871187   	-137.9623978504023114056 	-25.64199449449835199744 
84139.514164519481710158 	-138.1740944141920977017 	-25.96954812395856393437 
85113.80382023767742794  	-138.3851309237023201604 	-26.29948900011037338231 
86099.375218460074393079 	-138.5955178385598287605 	-26.63184246802410726218 
87096.358995608054101467 	-138.8052651763030667098 	-26.96663294849499692418 
88104.887300801376113668 	-139.0143825281712963715 	-27.30388393521958789734 
89125.093813374580349773 	-139.2228790742549051629 	-27.64361799001747854732 
90157.113760595704661682 	-139.430763598046809193  	-27.98585673616081237469 
91201.08393559095566161  	-139.6380445004265311582 	-28.33062084982432082825 
92257.142715476293233223 	-139.8447298131099785223 	-28.67793004971803583203 
93325.430079699144698679 	-140.0508272116014154562 	-29.0278030849103743094  
94406.087628592358669266 	-140.2563440276669552986 	-29.38025772084547782015 
95499.258602143600001    	-140.4612872613654701581 	-29.73531072360943383615 
96605.087898981306352653 	-140.6656635926540843684 	-30.09297784240485640339 
97723.722095581106259488 	-140.8694793926016757268 	-30.45327379027887815255 
98855.309465693891979754 	-141.0727407342197921025 	-30.8162122230703729997  
100000                   	-141.2754534029442936571 	-31.1818057165896007632  
101157.94542598983389325 	-141.4776229067767587821 	-31.5500657419974643858  
102329.29922807536786422 	-141.6792544861092721931 	-31.92100263938907644956 
103514.21666793430631515 	-141.880353123247516578  	-32.29462558952785400379 
104712.85480508985347115 	-142.0809235516449007264 	-32.67094258372694781656 
105925.37251772897434421 	-142.2809702648656298152 	-33.04996039182038458648 
107151.93052376070409082 	-142.4804975252856991119 	-33.43168452820625446975 
108392.69140212038473692 	-142.6795093725463630108 	-33.81611921587931846034 
109647.81961431850504596 	-142.8780096317679522144 	-34.20326734843463611924 
110917.48152624008071143 	-143.076001921532565575  	-34.59313044995078456623 
112201.84543019629199989 	-143.2734896616477158204 	-34.98570863270762032471 
113501.08156723143474665 	-143.4704760806928049988 	-35.38100055264124677024 
114815.36214968816784676 	-143.666964223355194008  	-35.77900336246813850494 
116144.86138403437507804 	-143.8629569575635400724 	-36.17971266237885430428 
117489.75549395303823985 	-144.0584569814150768252 	-36.58312244819531144913 
118850.22274370188824832 	-144.253466829905164559  	-36.98922505689276363228 
120226.44346174130623695 	-144.4479829950068676681 	-37.398012024926785557   
121618.60006463679019362 	-144.6420193389922985716 	-37.80947039257691955072 
123026.8770812381117139  	-144.8355721948690586487 	-38.22358805408342163901 
124451.46117713843705133 	-145.0286435083845901772 	-38.64035010880280651691 
125892.54117941661388613 	-145.2212350927733268691 	-39.05973968051333145013 
127350.30810166629089508 	-145.4133486342332730601 	-39.48173784410310815929 
128824.95516931348538492 	-145.6049856971727933797 	-39.90632354849700647037 
130316.67784523000591435 	-145.7961477292186032173 	-40.33347353561959636181 
131825.67385564075084403 	-145.9868360659695269987 	-40.76316225513479452047 
133352.14321633242070675 	-146.1770519354709279014 	-41.19536177472727445092 
134896.2882591653324198  	-146.3667964624108890348 	-41.63004168563835349914 
136458.31365889238077216 	-146.5560706720011694415 	-42.0671690031565077561  
138038.42646028837771155 	-146.7448754935259671583 	-42.50670806174007054778 
139636.83610559362568893 	-146.9332117635289591817 	-42.94862040441324779749 
141253.75446227556676604 	-147.1210802286109355919 	-43.39286466607042314081 
142889.39585111037013121 	-147.3084815478086966323 	-43.83939645026343612244 
144543.97707459281082265 	-147.4954162944975166738 	-44.28816819901344103982 
146217.7174456718203146  	-147.6818849578018273405 	-44.73912905520514726732 
147910.83881682073115371 	-147.8678879434447708263 	-45.19222471698559928655 
149623.56560944329248741 	-148.0534255739947298025 	-45.64739728365390192266 
151356.12484362069517374 	-148.2384980884416449953 	-46.10458509238593904911 
153108.74616820286610164 	-148.4231056410455380501 	-46.56372254515331832181 
154881.66189124828088097 	-148.6072482993741346036 	-47.02473992512961586954 
156675.10701081500155851 	-148.7909260414563448194 	-47.48756320175157696895 
158489.31924611140857451 	-148.9741387519522959337 	-47.95211382365815211415 
160324.53906900418223813 	-149.1568788163224326127 	-48.41830904271226643232 
162181.00973589299246669 	-149.3391605435909923472 	-48.88605950960545953876 
164058.97731995387584902 	-149.5209762736743641653 	-49.35527226966190994517 
165958.69074375598574989 	-149.7023254559672409414 	-49.82584834088124381424 
167880.40181225587730296 	-149.8832074086593308948 	-50.29768296803357685576 
169824.3652461745950859  	-150.0636213064391881744 	-50.7706653205548334995  
171790.83871575893135741 	-150.2435661662073300704 	-51.24467817007577963295 
173780.08287493762327358 	-150.423040830584767491  	-51.71959754592179336896 
175792.36139586928766221 	-150.6020439489730051719 	-52.19529236687957052254 
177827.94100389227969572 	-150.7805739558985749227 	-52.67162404732919611661 
179887.09151287871645764 	-150.9586290463235229709 	-53.14844607569348511333 
181970.08586099825333804 	-151.136207147591676403  	-53.62560356300841846178 
184077.20014689545496367 	-151.3133058876409222648 	-54.10293275916652078195 
186208.71366628655232489 	-151.489922559010437908  	-54.58026053427573032195 
188364.90894898018450476 	-151.6660540782121984194 	-55.0574038222938781928  
190546.07179632483166642 	-151.8416969398846276817 	-55.53416902384346087729 
192752.49131909367861226 	-152.0168471651355162066 	-56.01035136498516919801 
194984.45997580455150455 	-152.1915002433788686176 	-56.48573420827496960328 
197242.27361148537602276 	-152.3656510669047747797 	-56.96008831225731228187 
199526.2314968878927175  	-152.5392938572658181329 	-57.43317103527522249351 
201836.63636815594509244 	-152.7124135464782170857 	-57.90472565952190109329 
204173.79446695273509249 	-152.8850196278958435414 	-58.37447974259833216593 
206538.01558105309959501 	-153.0570954316005440887 	-58.8421452220371037356  
208929.61308540409663692 	-153.2286315593595702467 	-59.30741661260594810301 
211348.90398366475710645 	-153.3996174121312492389 	-59.76997004080411812765 
213796.20895022322656587 	-153.5700410413845702351 	-60.22946200635484359509 
216271.85237270200741477 	-153.7398889818136922258 	-60.68552804836235026187 
218776.16239495517220348 	-153.9091460630362746542 	-61.13778130870239380101 
221309.47096056363079697 	-154.0777951975112785021 	-61.58581098508842899264 
223872.11385683377739042 	-154.2458171415295282713 	-62.0291806656497755057  
226464.43075930618215352 	-154.4131902257099682174 	-62.4674265365535887895  
229086.76527677747071721 	-154.5798900508789870401 	-62.90005545400875774931 
231739.46499684796435758 	-154.7458891446412394544 	-63.32654287174643314984 
234422.88153199228690937 	-154.9111565732591770939 	-63.74633061512256659853 
237137.37056616551126353 	-155.0756575026843222531 	-64.15882449301821566223 
239883.2919019489781931  	-155.2393527016084249226 	-64.56339173954737020722 
242661.00950824143365026 	-155.4021886949600457228 	-64.95935834028652777761 
245470.89156850284780376 	-155.5641340434295614159 	-65.34600586242808617499 
248313.31052955676568672 	-155.725123561592539545  	-65.72256871878002471021 
251188.64315095823258162 	-155.8850939901076912975 	-66.08823062194123565405 
254097.27055493067018688 	-156.0439739880212357548 	-66.44212115970013599053 
257039.57827688645920716 	-156.2016830682750310189 	-66.78331212849947462473 
260015.95631652721203864 	-156.3581303855681596815 	-67.11081370072423624151 
263026.79918953811284155 	-156.5132133550706043934 	-67.42357044882965055876 
266072.50597988086519763 	-156.6668160772719602392 	-67.72045726140190424758 
269153.48039269144646823 	-156.8188075406819166346 	-68.00027520129712854668 
272270.13080779102165252 	-156.9690395699717839761 	-68.2617473758782296045  
275422.87033381691435352 	-157.1173444825472813591 	-68.50351491478228638243 
278612.11686297721462324 	-157.2635324114162642672 	-68.72413318271416926564 
281838.29312644549645483 	-157.4073785416384794189 	-68.92206870634450410762 
285101.82675039098830894 	-157.5486582113916256276 	-69.09569520281388577132 
288403.15031266061123461 	-157.6870853594404593423 	-69.24329350859515841421 
291742.70140011660987511 	-157.8223461275442787155 	-69.3630498479340076301  
295120.92266663839109242 	-157.9540841810883762264 	-69.45305728990273053114 
298538.26189179567154497 	-158.0818947945792274368 	-69.51131926103043667808 
301995.17204020189819857 	-158.2053181281986269369 	-69.5357561447028871271  
305492.11132155155064538 	-158.3238316024034304519 	-69.52421590265987560997 
309029.5432513591949828  	-158.4368412749847720988 	-69.47448988019064586297 
312607.93671239557443187 	-158.5436721260387002985 	-69.38433522749309645405 
316227.76601683790795505 	-158.6435571625748366387 	-69.2515056890575806392  
319889.51096913975197822 	-158.7356252680596071514 	-69.07379288433511987932 
323593.65692962810862809 	-158.8188776110452522516 	-68.84908166492915881918 
327340.69487883790861815 	-158.8922131754803217518 	-68.57541641796601084025 
331131.12148259073728696 	-158.9543525685012923532 	-68.25109703222820201063 
334965.43915782793192193 	-159.0038606330782613441 	-67.8747886101708672868  
338844.15613920276518911 	-159.03911829651468679   	-67.44566435089927836088 
342767.78654645045753568 	-159.058303634325540088  	-66.96358089563187832027 
346736.85045253165299073 	-159.0593726542975048233 	-66.42929272082474767558 
350751.87395256792660803 	-159.0400403382191711898 	-65.84471163468876397928 
354813.38923357531893998 	-158.997762587517627253  	-65.21321786047082014193 
358921.93464500491973013 	-158.9297197898982858533 	-64.54002974607419673703 
363078.05477010097820312 	-158.8327929062806447291 	-63.83264078223946569324 
367282.3004980850382708  	-158.7035914081291139155 	-63.1013299764261432756  
371535.22909717279253528 	-158.5383872722024705126 	-62.35976928904514693386 
375837.40428844431880862 	-158.3331494080087509246 	-61.62573652749853891919 
380189.39632056129630655 	-158.083533305698267668  	-60.92197800944618535368 
384591.78204535355325788 	-157.7848838438128780126 	-60.27727445400036287992 
389045.14499428047565743 	-157.4322430064583215881 	-59.72780480182814955015 
393550.07545577723067254 	-157.020367569644889727  	-59.31895956651522539005 
398107.17055349692236632 	-156.543770606355082009  	-59.10784210162017870971 
402717.03432545944815502 	-155.996810127212597763  	-59.1668207868562703311  
407380.27780411305138841 	-155.3739540475502849404 	-59.5886681667804438689  
412097.51909733039792627 	-154.6702314315230921693 	-60.4939957034931836688  
416869.38347033550962806 	-153.8823691048669957127 	-62.04179899960368516076 
421696.50342858221847564 	-153.0110884274322984311 	-64.44342841093022400401 
426579.51880159258143976 	-152.0657674602062172653 	-67.97788754834570568164 
431519.07682776503497735 	-151.073298478979978654  	-72.99828060651884698018 
436515.83224016561871395 	-150.0928290113872378697 	-79.89828264614622810313 
441570.44735331204719841 	-149.2330623290276321313 	-88.97177437467173888308 
446683.59215096349362284 	-148.6519072264785563675 	-100.1030356271873813512 
451855.94437492260476574 	-148.5007790379561640748 	-112.4394356076832224289 
457088.18961487512569875 	-148.823629489956232419  	-124.5485784934497957011 
462381.02139926038216799 	-149.5213333132363118239 	-135.1816784881615660652 
467735.14128719811560586 	-150.4315794209472016973 	-143.8268047938485665327 
473151.2589614802855067  	-151.4184376929309507887 	-150.587332147702028351  
478630.09232263802550733 	-152.399610171256938429  	-155.8175530611823091931 
484172.36758409888716415 	-153.3348698513529200227 	-159.8887525867013437164 
489778.81936844665324315 	-154.2087049112529655304 	-163.1065138655173143434 
495450.19080479053081945 	-155.0181364922902957915 	-165.701121366365839549  
501187.23362727253697813 	-155.7659697793465340965 	-167.8406124383359951935 
506990.70827470446238294 	-156.4573269352342776983 	-169.6466274633287412144 
512861.3839913647971116  	-157.0979778672096358605 	-171.2074844941979279156 
518800.0389289609156549  	-157.6935759241762866623 	-172.5878088924887663325 
524807.4602497722953558  	-158.2493288229065626638 	-173.8353426787458033687 
530884.4442309879232198  	-158.769932104304814402  	-174.9857074088427566494 
537031.79637025331612676 	-159.2595054619134771201 	-176.0657272715432668519 
543250.33149243355728686 	-159.7216684836377282863 	-177.0957780064776443396 
549540.87385762482881546 	-160.1595843331481887617 	-178.0914545925919583169 
555904.25727040367200971 	-160.5760157837229940014 	-179.0647717464792947339 
562341.32519034913275391 	-160.9733684799118975661 	-180.0250365833514649694 
568852.93084384128451347 	-161.3537774044859247624 	-180.9794942817144089986 
575439.93733715661801398 	-161.7190908258646402373 	-181.9338008709033829291 
582103.217770871007815   	-162.0709447022603626465 	-182.8923846575066534115 
588843.65535558841656893 	-162.4107840518587693168 	-183.8587166964574919348 
595662.14352901093661785 	-162.739889318211396585  	-184.8355177668845215067 
600000                   	-162.9423115287052041822 	-185.4575048772203160752 
